MPI;1;Math;4;0.0;0.0;-1.0;Info;4;0.0;0.0;0.0;Electronique;4;0.0;0.0;0.0;Francais;1;0.0;0.0;-1.0;Anglais;1;0.0;0.0;-1.0;
CBA;1;Chimie;4;0.0;0.0;0.0;Biologie;0;0.0;0.0;4.0;Francais;1;0.0;0.0;-1.0;Anglais;1;0.0;0.0;-1.0;
GL;2;POO;3;0.0;0.0;0.0;CSI;2;0.0;0.0;0.0;GP;3;0.0;0.0;-1.0;Francais;1;0.0;0.0;-1.0;Anglais;1;0.0;0.0;-1.0;
GL;3;POO;3;0.0;0.0;0.0;CSI;2;0.0;0.0;0.0;GP;3;0.0;0.0;-1.0;Francais;1;0.0;0.0;-1.0;Anglais;1;0.0;0.0;-1.0;
GL;4;POO;3;0.0;0.0;0.0;CSI;2;0.0;0.0;0.0;GP;3;0.0;0.0;-1.0;Francais;1;0.0;0.0;-1.0;Anglais;1;0.0;0.0;-1.0;
GL;5;POO;3;0.0;0.0;0.0;CSI;2;0.0;0.0;0.0;GP;3;0.0;0.0;-1.0;Francais;1;0.0;0.0;-1.0;Anglais;1;0.0;0.0;-1.0;
RT;2;Reseau;3;0.0;0.0;0.0;CSI;2;0.0;0.0;-1.0;RO;3;0.0;0.0;-1.0;Francais;1;0.0;0.0;-1.0;Anglais;1;0.0;0.0;-1.0;
RT;3;Reseau;3;0.0;0.0;0.0;CSI;2;0.0;0.0;-1.0;RO;3;0.0;0.0;-1.0;Francais;1;0.0;0.0;-1.0;Anglais;1;0.0;0.0;-1.0;
RT;4;Reseau;3;0.0;0.0;0.0;CSI;2;0.0;0.0;-1.0;RO;3;0.0;0.0;-1.0;Francais;1;0.0;0.0;-1.0;Anglais;1;0.0;0.0;-1.0;
RT;5;Reseau;3;0.0;0.0;0.0;CSI;2;0.0;0.0;-1.0;RO;3;0.0;0.0;-1.0;Francais;1;0.0;0.0;-1.0;Anglais;1;0.0;0.0;-1.0;
IIA;2;Automatique;3;0.0;0.0;0.0;Arch.Ord.;2;0.0;0.0;0.0;RO;3;0.0;0.0;-1.0;Francais;1;0.0;0.0;-1.0;Anglais;1;0.0;0.0;-1.0;
IIA;3;Automatique;3;0.0;0.0;0.0;Arch.Ord.;2;0.0;0.0;0.0;RO;3;0.0;0.0;-1.0;Francais;1;0.0;0.0;-1.0;Anglais;1;0.0;0.0;-1.0;
IIA;4;Automatique;3;0.0;0.0;0.0;Arch.Ord.;2;0.0;0.0;0.0;RO;3;0.0;0.0;-1.0;Francais;1;0.0;0.0;-1.0;Anglais;1;0.0;0.0;-1.0;
IIA;5;Automatique;3;0.0;0.0;0.0;Arch.Ord.;2;0.0;0.0;0.0;RO;3;0.0;0.0;-1.0;Francais;1;0.0;0.0;-1.0;Anglais;1;0.0;0.0;-1.0;
MI;2;Maintenance;3;0.0;0.0;0.0;Arch.Ord.;2;0.0;0.0;0.0;RO;3;0.0;0.0;-1.0;Francais;1;0.0;0.0;-1.0;Anglais;1;0.0;0.0;-1.0;
MI;3;Maintenance;3;0.0;0.0;0.0;Arch.Ord.;2;0.0;0.0;0.0;RO;3;0.0;0.0;-1.0;Francais;1;0.0;0.0;-1.0;Anglais;1;0.0;0.0;-1.0;
MI;4;Maintenance;3;0.0;0.0;0.0;Arch.Ord.;2;0.0;0.0;0.0;RO;3;0.0;0.0;-1.0;Francais;1;0.0;0.0;-1.0;Anglais;1;0.0;0.0;-1.0;
MI;5;Maintenance;3;0.0;0.0;0.0;Arch.Ord.;2;0.0;0.0;0.0;RO;3;0.0;0.0;-1.0;Francais;1;0.0;0.0;-1.0;Anglais;1;0.0;0.0;-1.0;
IMI;2;Maintenance;3;0.0;0.0;0.0;Arch.Ord.;2;0.0;0.0;0.0;RO;3;0.0;0.0;-1.0;Francais;1;0.0;0.0;-1.0;Anglais;1;0.0;0.0;-1.0;
IMI;3;Maintenance;3;0.0;0.0;0.0;Arch.Ord.;2;0.0;0.0;0.0;RO;3;0.0;0.0;-1.0;Francais;1;0.0;0.0;-1.0;Anglais;1;0.0;0.0;-1.0;
IMI;4;Maintenance;3;0.0;0.0;0.0;Arch.Ord.;2;0.0;0.0;0.0;RO;3;0.0;0.0;-1.0;Francais;1;0.0;0.0;-1.0;Anglais;1;0.0;0.0;-1.0;
IMI;5;Maintenance;3;0.0;0.0;0.0;Arch.Ord.;2;0.0;0.0;0.0;RO;3;0.0;0.0;-1.0;Francais;1;0.0;0.0;-1.0;Anglais;1;0.0;0.0;-1.0;
CI;2;Chimie;4;0.0;0.0;0.0;Biologie;4;0.0;0.0;0.0;Francais;1;0.0;0.0;-1.0;Anglais;1;0.0;0.0;-1.0;
CI;3;Chimie;4;0.0;0.0;0.0;Biologie;4;0.0;0.0;0.0;Francais;1;0.0;0.0;-1.0;Anglais;1;0.0;0.0;-1.0;
CI;4;Chimie;4;0.0;0.0;0.0;Biologie;4;0.0;0.0;0.0;Francais;1;0.0;0.0;-1.0;Anglais;1;0.0;0.0;-1.0;
CI;5;Chimie;4;0.0;0.0;0.0;Biologie;4;0.0;0.0;0.0;Francais;1;0.0;0.0;-1.0;Anglais;1;0.0;0.0;-1.0;
BI;2;Chimie;4;0.0;0.0;0.0;Biologie;4;0.0;0.0;0.0;Francais;1;0.0;0.0;-1.0;Anglais;1;0.0;0.0;-1.0;
BI;3;Chimie;4;0.0;0.0;0.0;Biologie;4;0.0;0.0;0.0;Francais;1;0.0;0.0;-1.0;Anglais;1;0.0;0.0;-1.0;
BI;4;Chimie;4;0.0;0.0;0.0;Biologie;4;0.0;0.0;0.0;Francais;1;0.0;0.0;-1.0;Anglais;1;0.0;0.0;-1.0;
BI;5;Chimie;4;0.0;0.0;0.0;Biologie;4;0.0;0.0;0.0;Francais;1;0.0;0.0;-1.0;Anglais;1;0.0;0.0;-1.0;
